BLOOMSPE_VERSION_2.00
50 ; number of algae types
28 ; number of coefficients = columns
SPECIES     SPECIES_SHORT TYPE        TYPE_SHORT TYPE_DESCRIPTION                   EXTVLALG   EXTUVALG   NCRALG     XNCRALG    FNCRALG    PCRALG     XPCRALG    SCRALG     CHLACALG   DMCFALG    PPMAXALG   TCPMXALG   TFPMXALG   MORT0ALG   TCMRTALG   MrtExAlg   Mort2Alg   MrtB1Alg   MrtB2Alg   MRESPALG   TCRSPALG   SDMIXALG   VsedAlg    V0SedAlg   FrAutAlg   FrDetAlg   nAlg       FixAlg  
FDIATOMS    FDIAT         FDIATOMS_E  FDI_E      'Fresh DIATOMS energy type       ' 0.2700     0.2700     0.210      -1.0       -1.0       0.0180     -1.0       0.6600     0.040      3.0        0.350       1.060     1          0.035      1.080      0.0        0.0        0.20E-02   8000.0     .031       1.072      1.0        0.0        0.0        0.35       0.55       0.0         0      
FDIATOMS    FDIAT         FDIATOMS_P  FDI_P      'Fresh DIATOMS P/Si type         ' 0.1875     0.1875     0.188      -1.0       -1.0       0.0113     -1.0       0.5500     0.025      2.5        0.350       1.054     1          0.045      1.085      0.0        0.0        0.20E-02   8000.0     .031       1.072      1.0        0.0        0.0        0.35       0.55       0.0         0      
FFLAGELA    FFLAE         FFLAGELA    FFL_E      'Fresh FLAGELAT energy type      ' 0.2250     0.2250     0.275      -1.0       -1.0       0.0180     -1.0       0.0018     0.029      2.5        0.350       1.050     1          0.035      1.080      0.0        0.0        0.20E-02   8000.0     .031       1.072      1.0        0.0        0.0        0.35       0.55       0.0         0      
GREENS      GREEN         GREENS_E    GRE_E      'GREENS energy type              ' 0.2250     0.2250     0.275      -1.0       -1.0       0.0238     -1.0       0.0018     0.033      2.5        0.068       0.000     0          0.035      1.080      0.0        0.0        0.20E-02   8000.0     .031       1.072      1.0        0.0        0.0        0.35       0.55       0.0         0      
GREENS      GREEN         GREENS_N    GRE_N      'GREENS nitrogen type            ' 0.1875     0.1875     0.175      -1.0       -1.0       0.0150     -1.0       0.0018     0.025      2.5        0.068       3.000     0          0.045      1.085      0.0        0.0        0.20E-02   8000.0     .031       1.072      1.0        0.0        0.0        0.35       0.55       0.0         0      
GREENS      GREEN         GREENS_P    GRE_P      'GREENS phosphorus type          ' 0.1875     0.1875     0.200      -1.0       -1.0       0.0125     -1.0       0.0018     0.025      2.5        0.068       3.000     0          0.045      1.085      0.0        0.0        0.20E-02   8000.0     .031       1.072      1.0        0.0        0.0        0.35       0.55       0.0         0      
APHANIZO    APHAN         APHANIZO_E  APH_E      'APHANIZO energy type            ' 0.45       0.45       0.220      -1.0       -1.0       0.0125     -1.0       0.0018     0.033      2.5        0.190       1.083     1          0.035      1.080      0.0        0.0        0.20E-02   8000.0     .031       1.072      1.0        0.0        0.0        0.35       0.55       0.0         0      
APHANIZO    APHAN         APHANIZO_N  APH_N      'APHANIZO nitrogen type          ' 0.40       0.40       0.125      -1.0       -1.0       0.0125     -1.0       0.0018     0.025      2.5        0.150       1.095     1          0.045      1.085      0.0        0.0        0.20E-02   8000.0     .031       1.072      1.0        0.0        0.0        0.35       0.55       0.0         0      
APHANIZO    APHAN         APHANIZO_P  APH_P      'APHANIZO phosphorus type        ' 0.40       0.40       0.170      -1.0       -1.0       0.0088     -1.0       0.0018     0.025      2.5        0.150       1.095     1          0.045      1.085      0.0        0.0        0.20E-02   8000.0     .031       1.072      1.0        0.0        0.0        0.35       0.55       0.0         0      
APHANFIX    APHNF         APHANFIX_E  APF_E      'APHANFIX energy type            ' 0.45       0.45       0.220      -1.0       -1.0       0.0125     -1.0       0.0018     0.033      2.5        0.190       1.083     1          0.035      1.080      0.0        0.0        0.20E-02   8000.0     .031       1.072      1.0        0.0        0.0        0.35       0.55       0.0         0      
APHANFIX    APHNF         APHANFIX_N  APF_N      'APHANFIX nitrogen type          ' 0.40       0.40       0.125      -1.0       -1.0       0.0125     -1.0       0.0018     0.025      2.5        0.150       1.095     1          0.045      1.085      0.0        0.0        0.20E-02   8000.0     .031       1.072      1.0        0.0        0.0        0.35       0.55       0.0         0      
APHANFIX    APHNF         APHANFIX_P  APF_P      'APHANFIX phosphorus type        ' 0.40       0.40       0.170      -1.0       -1.0       0.0088     -1.0       0.0018     0.025      2.5        0.150       1.095     1          0.045      1.085      0.0        0.0        0.20E-02   8000.0     .031       1.072      1.0        0.0        0.0        0.35       0.55       0.0         0      
APHANFIX    APHNF         APHANFIX_F  APF_F      'APHANFIX nitrogen fixing type   ' 0.40       0.40       0.000      -1.0       0.025      0.0125     -1.0       0.0018     0.025      2.5        0.125       1.095     1          0.045      1.085      0.0        0.0        0.20E-02   8000.0     .031       1.072      1.0        0.0        0.0        0.35       0.55       0.0         0      
MICROCYS    MICRO         MICROCYS_E  MIC_E      'MICROCYS energy type            ' 0.40       0.40       0.225      -1.0       -1.0       0.0300     -1.0       0.0018     0.025      2.5        0.056       3.0       0          0.035      1.080      0.0        0.0        0.20E-02   8000.0     .012       1.072      1.0        0.0        0.0        0.35       0.62       0.0         0      
MICROCYS    MICRO         MICROCYS_N  MIC_N      'MICROCYS nitrogen type          ' 0.2875     0.2875     0.113      -1.0       -1.0       0.0275     -1.0       0.0018     0.017      2.5        0.048       5.0       0          0.045      1.085      0.0        0.0        0.20E-02   8000.0     .012       1.072      1.0        0.0        0.0        0.35       0.62       0.0         0      
MICROCYS    MICRO         MICROCYS_P  MIC_P      'MICROCYS phosphorus type        ' 0.2875     0.2875     0.175      -1.0       -1.0       0.0225     -1.0       0.0018     0.017      2.5        0.048       5.0       0          0.045      1.085      0.0        0.0        0.20E-02   8000.0     .012       1.072      1.0        0.0        0.0        0.35       0.62       0.0         0      
OSCILAT     OSCIL         OSCILAT_E   OSC_E      'OSCILAT energy type             ' 0.40       0.40       0.225      -1.0       -1.0       0.0188     -1.0       0.0018     0.033      2.5        0.045       0.0       0          0.035      1.080      0.0        0.0        0.20E-02   8000.0     .012       1.072      1.0        0.0        0.0        0.35       0.62       0.0         0      
OSCILAT     OSCIL         OSCILAT_N   OSC_N      'OSCILAT nitrogen type           ' 0.2875     0.2875     0.125      -1.0       -1.0       0.0138     -1.0       0.0018     0.020      2.5        0.034       0.0       0          0.045      1.085      0.0        0.0        0.20E-02   8000.0     .012       1.072      1.0        0.0        0.0        0.35       0.62       0.0         0      
OSCILAT     OSCIL         OSCILAT_P   OSC_P      'OSCILAT phosphorus type         ' 0.2875     0.2875     0.150      -1.0       -1.0       0.0113     -1.0       0.0018     0.020      2.5        0.034       0.0       0          0.045      1.085      0.0        0.0        0.20E-02   8000.0     .012       1.072      1.0        0.0        0.0        0.35       0.62       0.0         0      
BLUEGRN     BLUEG         BLUEGRN_E   BLU_E      'BLUEGRN energy type             ' 0.40       0.40       0.225      -1.0       -1.0       0.0188     -1.0       0.0018     0.033      2.5        0.056       3.0       0          0.035      1.080      0.0        0.0        0.20E-02   8000.0     .012       1.072      1.0        0.0        0.0        0.35       0.62       0.0         0      
BLUEGRN     BLUEG         BLUEGRN_N   BLU_N      'BLUEGRN nitrogen type           ' 0.2875     0.2875     0.125      -1.0       -1.0       0.0188     -1.0       0.0018     0.020      2.5        0.048       5.0       0          0.045      1.085      0.0        0.0        0.20E-02   8000.0     .012       1.072      1.0        0.0        0.0        0.35       0.62       0.0         0      
BLUEGRN     BLUEG         BLUEGRN_P   BLU_P      'BLUEGRN phosphorus type         ' 0.2875     0.2875     0.150      -1.0       -1.0       0.0150     -1.0       0.0018     0.020      2.5        0.048       5.0       0          0.045      1.085      0.0        0.0        0.20E-02   8000.0     .012       1.072      1.0        0.0        0.0        0.35       0.62       0.0         0      
MDIATOMS    MDIAT         MDIATOMS_E  MDI_E      'Marine DIATOMS energy type      ' 2.40D-01   2.40D-01   0.25500    -1.0       -1.0       0.03150    -1.0       0.44700    0.053      3.0        0.083       -1.75     0          0.070      1.072      0.0        0.0        0.20E-02   8000.0      0.060     1.066      1.0        0.5        0.5        0.30       0.70       0.0         0      
MDIATOMS    MDIAT         MDIATOMS_N  MDI_N      'Marine DIATOMS nitrogen type    ' 2.10D-01   2.10D-01   0.07000    -1.0       -1.0       0.01200    -1.0       0.28300    0.010      3.0        0.066       -2.00     0          0.080      1.085      0.0        0.0        0.20E-02   8000.0      0.060     1.066      1.0        1.0        1.0        0.30       0.70       0.0         0      
MDIATOMS    MDIAT         MDIATOMS_P  MDI_P      'Marine DIATOMS phosphorus type  ' 2.10D-01   2.10D-01   0.10500    -1.0       -1.0       0.01000    -1.0       0.15200    0.010      3.0        0.066       -2.00     0          0.080      1.085      0.0        0.0        0.20E-02   8000.0      0.060     1.066      1.0        1.0        1.0        0.30       0.70       0.0         0      
MFLAGELA    MFLAE         MFLAGELA_E  MFL_E      'Marine FLAGELAT energy type     ' 2.50D-01   2.50D-01   0.20000    -1.0       -1.0       0.02000    -1.0       0.00000    0.0286     2.5        0.090       -1.00     0          0.070      1.072      0.0        0.0        0.20E-02   8000.0      0.060     1.066      1.0        0.0        0.0        0.30       0.70       0.0         0      
MFLAGELA    MFLAE         MFLAGELA_N  MFL_N      'Marine FLAGELAT nitrogen type   ' 2.25D-01   2.25D-01   0.07800    -1.0       -1.0       0.01000    -1.0       0.00000    0.0070     2.5        0.075       -1.00     0          0.080      1.085      0.0        0.0        0.20E-02   8000.0      0.060     1.066      1.0        0.5        0.5        0.30       0.70       0.0         0      
MFLAGELA    MFLAE         MFLAGELA_P  MFL_P      'Marine FLAGELAT phosphorus type ' 2.25D-01   2.25D-01   0.11300    -1.0       -1.0       0.00700    -1.0       0.00000    0.0070     2.5        0.075       -1.00     0          0.080      1.085      0.0        0.0        0.20E-02   8000.0      0.060     1.066      1.0        0.5        0.5        0.30       0.70       0.0         0      
DINOFLAG    DINOF         DINOFLAG_E  DIN_E      'Marine DINOFLAG energy type     ' 2.00D-01   2.00D-01   0.16250    -1.0       -1.0       0.01675    -1.0       0.00000    0.0286     2.5        0.132        5.50     0          0.075      1.072      0.0        0.0        0.20E-02   8000.0      0.060     1.066      1.0        0.0        0.0        0.30       0.70       0.0         0      
DINOFLAG    DINOF         DINOFLAG_N  DIN_N      'Marine DINOFLAG nitrogen type   ' 1.75D-01   1.75D-01   0.06400    -1.0       -1.0       0.01100    -1.0       0.00000    0.0070     2.5        0.113        4.75     0          0.080      1.085      0.0        0.0        0.20E-02   8000.0      0.060     1.066      1.0        0.0        0.0        0.30       0.70       0.0         0      
DINOFLAG    DINOF         DINOFLAG_P  DIN_P      'Marine DINOFLAG phosphorus type ' 1.75D-01   1.75D-01   0.07100    -1.0       -1.0       0.01000    -1.0       0.00000    0.0070     2.5        0.112        4.75     0          0.080      1.085      0.0        0.0        0.20E-02   8000.0      0.060     1.066      1.0        0.0        0.0        0.30       0.70       0.0         0      
DINOMIX     DINOM         DINOMIX_E   DIM_E      'Mixotrophic DINOFLAG E type     ' 2.00D-01   2.00D-01   0.16250    -1.0       -1.0       0.01675    -1.0       0.00000    0.0286     2.5        0.090        5.50     0          0.025      1.123      0.0        0.0        0.20E-02   8000.0      0.060     1.066      1.0        0.0        0.0        0.30       0.70       0.0         0      
DINOMIX     DINOM         DINOMIX_N   DIM_N      'Mixotrophic DINOFLAG N type     ' 1.75D-01   1.75D-01   0.06400    -1.0       -1.0       0.01100    -1.0       0.00000    0.0167     2.5        0.085        5.50     0          0.030      1.123      0.0        0.0        0.20E-02   8000.0      0.060     1.066      1.0        0.0        0.0        0.30       0.70       0.0         0      
DINOMIX     DINOM         DINOMIX_P   DIM_P      'Mixotrophic DINOFLAG P type     ' 1.75D-01   1.75D-01   0.07100    -1.0       -1.0       0.01000    -1.0       0.00000    0.0167     2.5        0.085        5.50     0          0.030      1.123      0.0        0.0        0.20E-02   8000.0      0.060     1.066      1.0        0.0        0.0        0.30       0.70       0.0         0      
DINOMIX     DINOM         DINOMIX_M   DIM_M      'Mixotrophic DINOFLAG type       ' 1.75D-01   1.75D-01   0.03840    0.0256     -1.0       0.00600    0.004      0.00000    0.0167     2.5        0.085        5.50     0          0.030      1.123      0.0        0.0        0.20E-02   8000.0      0.060     1.066      1.0        0.0        0.0        0.30       0.70       0.0         0      
PHAEOCYS    PHAEO         PHAEOCYS_E  PHA_E      'Phaeocystis energy type         ' 4.50D-01   4.50D-01   0.18750    -1.0       -1.0       0.02250    -1.0       0.00000    0.0286     2.5        0.084       -3.25     0          0.070      1.072      0.0        0.0        0.20E-02   8000.0      0.060     1.066      1.0        0.0        0.0        0.30       0.70       0.0         0      
PHAEOCYS    PHAEO         PHAEOCYS_N  PHA_N      'Phaeocystis nitrogen type       ' 4.125D-01  4.125D-01  0.07500    -1.0       -1.0       0.01400    -1.0       0.00000    0.0070     2.5        0.078       -3.00     0          0.080      1.085      0.0        0.0        0.20E-02   8000.0      0.060     1.066      1.0        0.5        0.5        0.30       0.70       0.0         0      
PHAEOCYS    PHAEO         PHAEOCYS_P  PHA_P      'Phaeocystis phosphorus type     ' 4.125D-01  4.125D-01  0.10400    -1.0       -1.0       0.01100    -1.0       0.00000    0.0070     2.5        0.078       -3.00     0          0.080      1.085      0.0        0.0        0.20E-02   8000.0      0.060     1.066      1.0        0.5        0.5        0.30       0.70       0.0         0      
ULVAS       ULVAS         ULVAS_E     ULS_E      'Ulva suspended energy type      ' 2.48D-01   2.48D-01   0.0594     -1.0       -1.0       0.01000    -1.0       0.00000    0.001      3.3        0.060       1.07      1          0.125      -25.0      0.1        0.0        0.20E-02   8000.0      0.010     1.066      1.0        0.0        0.0        0.30       0.70       0.0         1      
ULVAS       ULVAS         ULVAS_N     ULS_N      'Ulva suspended nitrogen type    ' 2.48D-01   2.48D-01   0.0330     -1.0       -1.0       0.00667    -1.0       0.00000    0.001      3.3        0.050       1.08      1          0.125      -25.0      0.1        0.0        0.20E-02   8000.0      0.010     1.066      1.0        0.0        0.0        0.30       0.70       0.0         2      
ULVAS       ULVAS         ULVAS_P     ULS_P      'Ulva suspended phosphorus type  ' 2.48D-01   2.48D-01   0.0594     -1.0       -1.0       0.00333    -1.0       0.00000    0.001      3.3        0.050       1.08      1          0.125      -25.0      0.1        0.0        0.20E-02   8000.0      0.010     1.066      1.0        0.0        0.0        0.30       0.70       0.0         3      
ULVAF       ULVAF         ULVAF_E     ULF_E      'Ulva attached energy type       ' 2.48D-02   2.48D-02   0.0594     -1.0       -1.0       0.01000    -1.0       0.00000    0.0001     3.3        0.080       1.07      1          0.075      -25.0      0.1        0.0        0.20E-02   8000.0      0.010     1.066      -.25       0.0        0.0        0.30       0.70       0.0        -1      
ULVAF       ULVAF         ULVAF_N     ULF_N      'Ulva attached nitrogen type     ' 2.48D-02   2.48D-02   0.0330     -1.0       -1.0       0.00667    -1.0       0.00000    0.0001     3.3        0.060       1.08      1          0.075      -25.0      0.1        0.0        0.20E-02   8000.0      0.010     1.066      -.25       0.0        0.0        0.30       0.70       0.0        -2      
ULVAF       ULVAF         ULVAF_P     ULF_P      'Ulva attached phosphorus type   ' 2.48D-02   2.48D-02   0.0594     -1.0       -1.0       0.00333    -1.0       0.00000    0.0001     3.3        0.060       1.08      1          0.075      -25.0      0.1        0.0        0.20E-02   8000.0      0.010     1.066      -.25       0.0        0.0        0.30       0.70       0.0        -3      
NODULA      NODUL         NODULA_E    NOD_E      'NODULARIA energy type           ' 0.45       0.45       0.220      -1.0       -1.0       0.025      -1.0       0.002      0.033      2.5        0.290       1.083     1          0.035      1.080      0.0        0.0        0.20E-02   8000.0     .012       1.072      1.0        0.0        0.0        0.35       0.55       0.0         0      
NODULA      NODUL         NODULA_N    NOD_N      'NODULARIA nitrogen type         ' 0.40       0.40       0.113      -1.0       -1.0       0.015      -1.0       0.002      0.020      2.5        0.250       1.095     1          0.045      1.085      0.0        0.0        0.20E-02   8000.0     .012       1.072      1.0        0.0        0.0        0.35       0.55       0.0         0      
NODULA      NODUL         NODULA_P    NOD_P      'NODULARIA phosphorus type       ' 0.40       0.40       0.170      -1.0       -1.0       0.013      -1.0       0.002      0.020      2.5        0.250       1.095     1          0.045      1.085      0.0        0.0        0.20E-02   8000.0     .012       1.072      1.0        0.0        0.0        0.35       0.55       0.0         0      
ANABAENA    ANABA         ANABAENA_E  ANA_E      'ANABAENA energy type            ' 0.45       0.45       0.220      -1.0       -1.0       0.015      -1.0       0.002      0.033      2.5        0.190       1.083     1          0.035      1.080      0.0        0.0        0.20E-02   8000.0     .012       1.072      1.0        0.0        0.0        0.35       0.55       0.0         0      
ANABAENA    ANABA         ANABAENA_N  ANA_N      'ANABAENA nitrogen type          ' 0.40       0.40       0.113      -1.0       -1.0       0.013      -1.0       0.002      0.020      2.5        0.150       1.095     1          0.045      1.085      0.0        0.0        0.20E-02   8000.0     .012       1.072      1.0        0.0        0.0        0.35       0.55       0.0         0      
ANABAENA    ANABA         ANABAENA_P  ANA_P      'ANABAENA phosphorus type        ' 0.40       0.40       0.170      -1.0       -1.0       0.010      -1.0       0.002      0.020      2.5        0.150       1.095     1          0.045      1.085      0.0        0.0        0.20E-02   8000.0     .012       1.072      1.0        0.0        0.0        0.35       0.55       0.0         0      
5  ; number of output per group
RCPPALG
RCMRTALG
EffMALG
EffTALG
EffiALG
6  ; number of output per type
VSEDALG
SALFNALG
FLOFNALG
PSEDALG
FSEDALG
M2_ALG
8   ; number of one to one proto-actual processes
EXTINABVLP     EXTINABVL
EXTINABUVP     EXTINABUV
BLOOM_P        BLOOM
PHY_BLO_P      PHY_BLO
SEDPHBLO_P     SEDPHBLO
ULVAFIX_P      ULVAFIX
EFFMBLO_P      EFFMBLO
EFFABLO_P      EFFABLO
2  ; number of processes to be expanded per type
CALVSALG
SEDALG
  20.0     ; tefcur ( reference temperature for efficiency)
   17      ; number of species groups/light curves 
FDIATOMS FFLAGELA GREENS APHANIZO APHANFIX MICROCYS OSCILAT BLUEGRN MDIATOMS MFLAGELA DINOFLAG DINOMIX PHAEOCYS ULVAS ULVAF NODULA ANABAENA
   50
 0.0            0.0       0.0       0.0       0.0       0.0       0.0       0.0     0.00   0.0    0.0    0.0    0.0    0.0    0.0    0.0    0.00   0.00
 0.108D+05      0.15      0.15      0.17      0.22      0.22      0.51      0.41    0.41   0.08   0.07   0.07   0.07   0.03   0.20   0.20   0.08   0.69
 0.216D+05      0.30      0.30      0.33      0.40      0.40      0.81      0.63    0.63   0.17   0.13   0.13   0.13   0.06   0.53   0.53   0.15   0.91
 0.324D+05      0.43      0.43      0.47      0.53      0.53      0.94      0.75    0.75   0.25   0.20   0.20   0.20   0.10   0.63   0.63   0.22   0.99
 0.432D+05      0.54      0.54      0.59      0.62      0.62      0.98      0.84    0.84   0.33   0.27   0.27   0.27   0.13   0.70   0.70   0.28   1.00
 0.540D+05      0.63      0.63      0.69      0.69      0.69      1.00      0.90    0.90   0.42   0.33   0.33   0.33   0.16   0.77   0.77   0.33   1.00
 0.648D+05      0.72      0.71      0.77      0.74      0.74      1.00      0.94    0.94   0.50   0.40   0.40   0.40   0.20   0.81   0.81   0.38   1.00
 0.756D+05      0.81      0.78      0.84      0.78      0.78      1.00      0.97    0.97   0.58   0.47   0.47   0.47   0.24   0.85   0.85   0.43   1.00
 0.864D+05      0.87      0.83      0.89      0.81      0.81      1.00      0.99    0.99   0.66   0.53   0.53   0.53   0.30   0.88   0.88   0.48   1.00
 0.972D+05      0.92      0.87      0.92      0.84      0.84      1.00      1.00    1.00   0.75   0.60   0.60   0.60   0.35   0.92   0.92   0.52   1.00
 0.108D+06      0.99      0.91      0.95      0.87      0.87      1.00      1.00    1.00   0.83   0.67   0.67   0.67   0.40   0.95   0.95   0.55   1.00
 0.119D+06      1.00      0.93      0.97      0.90      0.90      1.00      1.00    1.00   0.92   0.73   0.73   0.73   0.47   1.00   1.00   0.59   1.00
 0.130D+06      1.00      0.96      0.99      0.93      0.93      1.00      1.00    1.00   1.00   0.80   0.80   0.80   0.53   1.00   1.00   0.62   1.00
 0.140D+06      1.00      0.97      1.00      0.96      0.96      1.00      1.00    1.00   1.00   0.87   0.87   0.87   0.60   1.00   1.00   0.65   1.00
 0.151D+06      1.00      0.99      1.00      0.98      0.98      1.00      1.00    1.00   1.00   0.93   0.93   0.93   0.67   1.00   1.00   0.68   1.00
 0.162D+06      1.00      1.00      1.00      0.99      0.99      1.00      1.00    1.00   1.00   1.00   1.00   1.00   0.73   1.00   1.00   0.70   1.00
 0.173D+06      1.00      1.00      1.00      1.00      1.00      1.00      1.00    1.00   1.00   1.00   1.00   1.00   0.80   1.00   1.00   0.73   1.00
 0.184D+06      1.00      1.00      1.00      1.00      1.00      1.00      1.00    1.00   1.00   1.00   1.00   1.00   0.87   1.00   1.00   0.75   1.00
 0.194D+06      1.00      1.00      1.00      1.00      1.00      1.00      1.00    1.00   1.00   1.00   1.00   1.00   0.93   1.00   1.00   0.77   1.00
 0.205D+06      1.00      1.00      1.00      1.00      1.00      1.00      1.00    1.00   1.00   1.00   1.00   1.00   0.95   1.00   1.00   0.78   1.00
 0.216D+06      1.00      1.00      1.00      1.00      1.00      1.00      1.00    1.00   1.00   1.00   1.00   1.00   0.96   1.00   1.00   0.80   1.00
 0.227D+06      1.00      1.00      1.00      1.00      1.00      1.00      1.00    1.00   1.00   1.00   1.00   1.00   0.97   1.00   1.00   0.82   1.00
 0.238D+06      1.00      1.00      1.00      1.00      1.00      1.00      1.00    1.00   1.00   1.00   1.00   1.00   0.98   1.00   1.00   0.83   1.00
 0.248D+06      1.00      1.00      1.00      1.00      1.00      1.00      1.00    1.00   1.00   1.00   1.00   1.00   0.99   1.00   1.00   0.84   1.00
 0.259D+06      1.00      1.00      1.00      1.00      1.00      1.00      1.00    1.00   1.00   1.00   1.00   1.00   0.99   1.00   1.00   0.86   1.00
 0.270D+06      1.00      1.00      1.00      1.00      1.00      1.00      1.00    1.00   1.00   1.00   1.00   1.00   0.99   1.00   1.00   0.87   1.00
 0.281D+06      1.00      1.00      1.00      1.00      1.00      1.00      1.00    1.00   1.00   1.00   1.00   1.00   0.99   1.00   1.00   0.88   1.00
 0.292D+06      1.00      1.00      1.00      1.00      1.00      1.00      1.00    1.00   1.00   1.00   1.00   1.00   1.00   1.00   1.00   0.89   1.00
 0.302D+06      1.00      1.00      1.00      1.00      1.00      1.00      1.00    1.00   1.00   1.00   1.00   1.00   1.00   1.00   1.00   0.90   1.00
 0.313D+06      1.00      1.00      1.00      1.00      1.00      1.00      1.00    1.00   1.00   1.00   1.00   1.00   1.00   1.00   1.00   0.90   1.00
 0.324D+06      1.00      1.00      1.00      1.00      1.00      1.00      1.00    1.00   1.00   1.00   1.00   1.00   1.00   1.00   1.00   0.91   1.00
 0.335D+06      1.00      1.00      1.00      1.00      1.00      1.00      1.00    1.00   1.00   1.00   1.00   1.00   1.00   1.00   1.00   0.92   1.00
 0.346D+06      1.00      1.00      1.00      1.00      1.00      1.00      1.00    1.00   1.00   1.00   1.00   1.00   1.00   1.00   1.00   0.93   1.00
 0.356D+06      1.0       1.0       1.0       1.0       1.0       1.0       1.0     1.00   1.00   1.00   1.00   1.00   1.00   1.00   1.00   0.93   1.00
 0.367D+06      1.0       1.0       1.0       1.0       1.0       1.0       1.0     1.00   1.00   1.00   1.00   1.00   1.00   1.00   1.00   0.94   1.00
 0.378D+06      1.0       1.0       1.0       1.0       1.0       1.0       1.0     1.00   1.00   1.00   1.00   1.00   1.00   1.00   1.00   0.94   1.00
 0.389D+06      1.0       1.0       1.0       1.0       1.0       1.0       1.0     1.00   1.00   1.00   1.00   1.00   1.00   1.00   1.00   0.95   1.00
 0.400D+06      1.0       1.0       1.0       1.0       1.0       1.0       1.0     1.00   1.00   1.00   1.00   1.00   1.00   1.00   1.00   0.95   1.00
 0.410D+06      1.0       1.0       1.0       1.0       1.0       1.0       1.0     1.00   1.00   1.00   1.00   1.00   1.00   1.00   1.00   0.95   1.00
 0.421D+06      1.0       1.0       1.0       1.0       1.0       1.0       1.0     1.00   1.00   1.00   1.00   1.00   1.00   1.00   1.00   0.96   1.00
 0.432D+06      1.0       1.0       1.0       1.0       1.0       1.0       1.0     1.00   1.00   1.00   1.00   1.00   1.00   1.00   1.00   0.96   1.00
 0.443D+06      1.0       1.0       1.0       1.0       1.0       1.0       1.0     1.00   1.00   1.00   1.00   1.00   1.00   1.00   1.00   0.96   1.00
 0.454D+06      1.0       1.0       1.0       1.0       1.0       1.0       1.0     1.00   1.00   1.00   1.00   1.00   1.00   1.00   1.00   0.97   1.00
 0.464D+06      1.0       1.0       1.0       1.0       1.0       1.0       1.0     1.00   1.00   1.00   1.00   1.00   1.00   1.00   1.00   0.97   1.00
 0.475D+06      1.0       1.0       1.0       1.0       1.0       1.0       1.0     1.00   1.00   1.00   1.00   1.00   1.00   1.00   1.00   0.97   1.00
 0.486D+06      1.0       1.0       1.0       1.0       1.0       1.0       1.0     1.00   1.00   1.00   1.00   1.00   1.00   1.00   1.00   0.97   1.00
 0.497D+06      1.0       1.0       1.0       1.0       1.0       1.0       1.0     1.00   1.00   1.00   1.00   1.00   1.00   1.00   1.00   0.98   1.00
 0.508D+06      1.0       1.0       1.0       1.0       1.0       1.0       1.0     1.00   1.00   1.00   1.00   1.00   1.00   1.00   1.00   0.98   1.00
 0.518D+06      1.0       1.0       1.0       1.0       1.0       1.0       1.0     1.00   1.00   1.00   1.00   1.00   1.00   1.00   1.00   0.98   1.00
 0.176D+07      1.0       1.0       1.0       1.0       1.0       1.0       1.0     1.00   1.00   1.00   1.00   1.00   1.00   1.00   1.00   1.00   1.00
   23
 0.000D+00      6.9
 1.381D+05      7.5
 2.637D+05      8.0
 3.767D+05      8.5
 4.771D+05      9.0
 6.025D+05      9.5
 7.030D+05     10.0
 7.660D+05     10.5
 8.285D+05     11.0
 8.535D+05     11.5
 8.665D+05     12.0
 8.790D+05     12.5
 8.665D+05     13.0
 8.410D+05     13.5
 7.910D+05     14.0
 7.280D+05     14.5
 6.530D+05     15.0
 5.525D+05     15.5
 4.413D+05     16.0
 2.888D+05     16.5
 1.757D+05     17.0
 5.020D+04     17.5
 0.000D+00     17.8
 1.      0.25   0.16   0.18   0.10   0.10   0.16   0.13   0.13   0.06   0.06   0.06   0.06   0.06   0.05   0.05   0.18   0.16
 2.      0.32   0.20   0.22   0.19   0.19   0.28   0.20   0.20   0.13   0.13   0.13   0.13   0.13   0.10   0.10   0.22   0.28
 3.      0.39   0.26   0.27   0.27   0.27   0.41   0.29   0.29   0.19   0.19   0.19   0.19   0.19   0.15   0.15   0.27   0.41
 4.      0.46   0.32   0.33   0.34   0.34   0.52   0.37   0.37   0.25   0.25   0.25   0.25   0.25   0.20   0.20   0.33   0.52
 5.      0.53   0.41   0.39   0.45   0.45   0.60   0.44   0.44   0.31   0.31   0.31   0.31   0.31   0.26   0.26   0.39   0.60
 6.      0.60   0.49   0.44   0.56   0.56   0.67   0.51   0.51   0.38   0.38   0.38   0.38   0.38   0.33   0.33   0.44   0.67
 7.      0.67   0.58   0.49   0.59   0.59   0.71   0.58   0.58   0.44   0.44   0.44   0.44   0.44   0.42   0.42   0.49   0.71
 8.      0.73   0.68   0.55   0.63   0.63   0.75   0.65   0.65   0.50   0.50   0.50   0.50   0.50   0.50   0.50   0.55   0.75
 9.      0.78   0.76   0.62   0.69   0.69   0.78   0.70   0.70   0.56   0.56   0.56   0.56   0.56   0.57   0.57   0.62   0.78
10.      0.84   0.84   0.68   0.74   0.74   0.80   0.76   0.76   0.62   0.62   0.62   0.62   0.62   0.64   0.64   0.68   0.80
11.      0.88   0.90   0.75   0.80   0.80   0.83   0.81   0.81   0.69   0.69   0.69   0.69   0.69   0.73   0.73   0.75   0.83
12.      0.92   0.96   0.82   0.86   0.86   0.86   0.86   0.86   0.75   0.75   0.75   0.75   0.75   0.80   0.80   0.82   0.86
13.      0.94   0.97   0.87   0.90   0.90   0.90   0.90   0.90   0.81   0.81   0.81   0.81   0.81   0.85   0.85   0.87   0.90
14.      0.96   0.98   0.91   0.93   0.93   0.93   0.93   0.93   0.88   0.88   0.88   0.88   0.88   0.90   0.90   0.91   0.93
15.      0.98   0.99   0.96   0.97   0.97   0.97   0.97   0.97   0.94   0.94   0.94   0.94   0.94   0.95   0.95   0.96   0.97
16.      1.00   1.00   1.00   1.00   1.00   1.00   1.00   1.00   1.00   1.00   1.00   1.00   1.00   1.00   1.00   1.00   1.00
17.      1.00   1.00   1.00   1.00   1.00   1.00   1.00   1.00   1.00   1.00   1.00   1.00   1.00   1.00   1.00   1.00   1.00
18.      1.00   1.00   1.00   1.00   1.00   1.00   1.00   1.00   1.00   1.00   1.00   1.00   1.00   1.00   1.00   1.00   1.00
19.      1.00   1.00   1.00   1.00   1.00   1.00   1.00   1.00   1.00   1.00   1.00   1.00   1.00   1.00   1.00   1.00   1.00
20.      1.00   1.00   1.00   1.00   1.00   1.00   1.00   1.00   1.00   1.00   1.00   1.00   1.00   1.00   1.00   1.00   1.00
21.      1.00   1.00   1.00   1.00   1.00   1.00   1.00   1.00   1.00   1.00   1.00   1.00   1.00   1.00   1.00   1.00   1.00
22.      1.00   1.00   1.00   1.00   1.00   1.00   1.00   1.00   1.00   1.00   1.00   1.00   1.00   1.00   1.00   1.00   1.00
23.      1.00   1.00   1.00   1.00   1.00   1.00   1.00   1.00   1.00   1.00   1.00   1.00   1.00   1.00   1.00   1.00   1.00
24.      1.00   1.00   1.00   1.00   1.00   1.00   1.00   1.00   1.00   1.00   1.00   1.00   1.00   1.00   1.00   1.00   1.00